-9832,-8852,10000,3971,3369,-4528,0,464,R
-9396,-8624,9632,4233,4843,-5279,50,464,R
-9768,-8540,9260,5174,5366,-6016,100,464,R
-9892,-8540,9344,5654,6819,-6932,150,464,R
-9936,-8620,9792,6298,4362,-7395,200,464,R
-8496,-8628,9828,6951,6102,-7570,250,464,R
-8644,-8596,10476,7897,5691,-7431,300,464,R
-7840,-8244,11536,7697,5838,-6549,350,464,R
-7692,-8144,11756,6758,8063,-5627,400,464,R
-7116,-7568,12284,7682,6118,-2684,450,464,R
-11360,-10376,5608,888,3267,-286,0,465,R
-13532,-10200,4316,5295,7075,-4345,50,465,R
-12428,-10144,5060,8079,2022,-7259,100,465,R
-11612,-9812,7276,11134,2919,-8182,150,465,R
-9656,-9448,9804,11768,-1300,-8894,200,465,R
-7408,-8768,11232,10066,-2302,-7285,250,465,R
-6352,-8740,11036,8755,-198,-6330,300,465,R
-7772,-9216,11448,7235,-2234,-4586,350,465,R
-7488,-9368,11616,9277,-3912,-4306,400,465,R
-6480,-8204,12828,7631,-3654,-5896,450,465,R
-4140,-6736,13240,-2624,-154,3458,0,466,R
-5024,-6796,13400,-751,-630,1762,50,466,R
-5788,-7024,13736,1024,211,-937,100,466,R
-6620,-6768,14692,1886,213,-3963,150,466,R
-5572,-6740,15412,1525,1713,-7245,200,466,R
-5364,-6220,15900,219,1775,-9987,250,466,R
-3492,-6384,15600,28,4032,-12789,300,466,R
-2920,-6692,14900,358,5959,-13900,350,466,R
-1960,-6032,14980,602,3217,-13786,400,466,R
-1300,-5756,14940,-223,2953,-12939,450,466,R
-6200,-4620,14212,8187,1050,-1317,0,467,R
-5660,-4096,15312,7996,2041,-781,50,467,R
-5160,-3800,15668,2740,810,-528,100,467,R
-6740,-2500,15340,73,316,650,150,467,R
-7776,-2208,14992,-3775,5371,1235,200,467,R
-8692,-2556,14848,-3491,978,147,250,467,R
-7364,-3368,12964,-2750,-475,294,300,467,R
-6864,-2760,14328,-3556,-4104,-1077,350,467,R
-2944,-5008,16352,-4096,-6621,7080,400,467,R
-9408,-8168,14268,-13836,-2857,11624,450,467,R
-10168,-9132,8828,1654,-1395,-67,0,468,R
-12028,-8888,7888,3677,346,328,50,468,R
-17060,-7928,6308,7293,8589,-5393,100,468,R
-15476,-7524,7068,15473,10258,-16171,150,468,R
-10596,-6408,9996,26661,12229,-24220,200,468,R
-4380,-6264,15220,28622,5049,-23110,250,468,R
-7524,3052,17336,16626,10069,-18337,300,468,R
-792,-1096,19520,4774,1827,-5267,350,468,R
-1724,-3796,16200,-7773,-804,4000,400,468,R
-5200,-5996,12484,-13165,-3750,10952,450,468,R
-11352,-9720,9592,5728,10431,-3323,0,469,R
-16448,-8832,7208,14672,21961,-12583,50,469,R
-14048,-7660,6660,21957,22332,-19292,100,469,R
-10860,-6196,10328,20851,13069,-20396,150,469,R
-7056,-6172,13400,15391,257,-15239,200,469,R
-3836,-4072,14980,10800,-1739,-9318,250,469,R
-2024,-3600,16356,6396,-2497,-3618,300,469,R
-1832,-4840,15636,-1203,-1753,3350,350,469,R
-4572,-5876,14040,-7851,-2368,8533,400,469,R
-7184,-7180,12276,-11575,-4046,11196,450,469,R
-12156,-9688,5444,8240,12211,-2141,0,470,R
-12572,-9556,5032,15726,11408,-7352,50,470,R
-13992,-7552,5400,20504,8861,-8664,100,470,R
-11852,-8004,6592,17738,3995,-9929,150,470,R
-11208,-7840,9776,17892,955,-8789,200,470,R
-10012,-6864,11808,13466,731,-8815,250,470,R
-8960,-4728,13500,10125,-626,-6972,300,470,R
-6992,-5408,13012,3877,290,-4844,350,470,R
-5940,-5488,12628,-199,194,-1016,400,470,R
-6512,-6472,11744,-5033,-1350,3830,450,470,R
-9200,-8356,10792,4928,3261,-4391,0,471,R
-9952,-8264,9732,12213,5767,-7650,50,471,R
-10308,-7304,9452,12843,4413,-9487,100,471,R
-8936,-6372,11576,14548,3256,-9487,150,471,R
-8768,-5320,12996,12362,3980,-8431,200,471,R
-5932,-5944,13352,13055,3122,-5174,250,471,R
-6764,-4344,14840,7401,2680,-5803,300,471,R
-6748,-4016,14080,3971,2504,-4113,350,471,R
-6744,-4264,14244,301,1461,-2159,400,471,R
-6632,-4552,13944,-4306,-116,906,450,471,R
-13432,-8336,8376,2642,7430,-6704,0,472,R
-12560,-7820,9316,6175,9189,-11080,50,472,R
-12524,-7648,9736,12584,10116,-15070,100,472,R
-11796,-6316,9348,14859,8537,-17151,150,472,R
-9508,-5116,11840,13111,7134,-14810,200,472,R
-9396,-5072,12420,10465,4391,-12611,250,472,R
-7708,-4792,13132,9910,-1167,-10757,300,472,R
-6916,-3792,13484,8467,-1875,-9098,350,472,R
-5088,-2848,14720,6708,-3636,-7157,400,472,R
-2344,-1512,15968,4719,-2492,-3546,450,472,R
-9168,-6856,12588,6161,-353,-14238,0,473,R
-7672,-5716,13968,8024,2595,-16584,50,473,R
-5580,-4752,15084,7385,1772,-17497,100,473,R
-4560,-4016,15284,7139,2759,-17146,150,473,R
-3520,-3900,14992,6368,2007,-15002,200,473,R
-2692,-3828,15648,5955,2562,-14240,250,473,R
-1900,-3760,15124,4949,2553,-11974,300,473,R
304,-3292,15772,4033,1086,-9054,350,473,R
2200,-2592,17388,1209,2499,-4531,400,473,R
1736,-3008,17712,-3819,1397,1523,450,473,R
-4932,-9072,11628,10638,-5390,2288,0,474,D
-6152,-9108,13372,13024,-77,717,50,474,D
-6320,-7092,14068,10695,2974,178,100,474,D
-7436,-7104,13904,8045,1302,-630,150,474,D
-6428,-6448,14940,8596,-59,-3126,200,474,D
-5240,-4920,16436,10280,2805,-5105,250,474,D
-4312,-3904,17856,5619,452,-3683,300,474,D
-3432,-2808,17968,2632,213,-2256,350,474,D
-3648,-2912,16304,-866,1360,-856,400,474,D
-4356,-3652,15256,-1370,1433,-157,450,474,D
-5588,-11808,7884,1497,67,297,0,475,D
-6340,-11348,8748,2663,-1767,1015,50,475,D
-6928,-11364,10276,2388,-956,986,100,475,D
-6156,-11100,10028,1441,-71,558,150,475,D
-5788,-11024,9036,2311,-1185,1482,200,475,D
-5608,-10572,9376,5998,-4590,3688,250,475,D
-6424,-9648,9436,12984,-7691,5631,300,475,D
-5892,-7932,11228,21213,-9335,6183,350,475,D
-5552,-4740,12908,27293,-8714,5237,400,475,D
-5156,-1144,15148,27217,-5866,3036,450,475,D
-172,-10180,11696,-3059,1037,-773,0,476,D
292,-10264,11080,-34,-800,-338,50,476,D
428,-9812,8720,501,-547,310,100,476,D
-1668,-9952,-2344,8268,6977,3893,150,476,D
-7360,-4356,-1804,32767,8812,-2402,200,476,D
-5904,3968,10412,32767,6475,-8704,250,476,D
-4556,12892,25396,32767,8121,-8119,300,476,D
-6416,18560,28964,21159,4722,-4226,350,476,D
-3712,16888,27972,6043,-3550,-102,400,476,D
-2572,10480,18000,-8729,1507,-957,450,476,D
-3320,-9020,13800,8348,-3487,2682,0,477,D
-3128,-7468,14220,8599,-3006,1688,50,477,D
-2736,-7132,14244,8603,-2657,1679,100,477,D
-2160,-6516,14580,11783,-1777,1807,150,477,D
-2696,-4524,15048,12870,-1733,2185,200,477,D
-2340,-3892,15544,9285,-1034,1887,250,477,D
-2240,-1916,16336,9491,-1154,2167,300,477,D
-2444,-1136,16544,6955,-366,1266,350,477,D
-1936,-424,16984,5043,-926,970,400,477,D
-3168,-736,15896,2645,-876,568,450,477,D
-3072,-14556,7196,332,-52,146,0,478,D
-2784,-14092,7780,-92,45,-287,50,478,D
-3432,-14532,7612,-283,-363,-64,100,478,D
-2904,-14088,7200,-117,-127,-384,150,478,D
-3168,-14116,7416,-215,-545,-169,200,478,D
-2644,-14188,7388,-469,290,-392,250,478,D
-2600,-14316,6992,-195,-931,-184,300,478,D
-196,-14928,2312,5669,-11434,3883,350,478,D
988,-13604,4884,27916,-11004,10696,400,478,D
-1416,-8716,9168,32767,-14085,11597,450,478,D
-2672,-10108,12424,4248,-778,-26,0,479,D
-2272,-9328,13332,4545,-420,-571,50,479,D
-2632,-8976,13296,4317,40,-275,100,479,D
-2796,-8528,13760,5143,-879,-265,150,479,D
-2412,-8008,14036,6252,-365,-704,200,479,D
-2220,-7492,14264,7311,206,-970,250,479,D
-2088,-6548,14812,7869,612,-770,300,479,D
-2412,-5544,15416,8103,-539,-103,350,479,D
-2432,-4808,15928,4967,-38,-402,400,479,D
-1876,-4184,16084,3971,-532,323,450,479,D
-2140,-11940,10844,102,-197,-52,0,480,D
-2096,-11976,10972,176,-110,-135,50,480,D
-2244,-11868,10660,264,-387,56,100,480,D
-2096,-11840,10672,1195,-289,221,150,480,D
-1984,-11892,10416,3734,-968,774,200,480,D
-1988,-11388,10784,10593,-2030,2285,250,480,D
-1852,-10292,10704,19966,-1396,3458,300,480,D
-2108,-7460,12524,30058,-299,3096,350,480,D
-3556,216,17088,28525,-2391,2475,400,480,D
-2680,912,20464,13659,-389,3410,450,480,D
-4528,-12508,8516,3378,-277,3275,0,481,D
-4244,-12288,8652,4023,1027,3639,50,481,D
-5020,-11896,9268,4203,-286,3867,100,481,D
-5420,-10984,9832,3966,182,4000,150,481,D
-7112,-10644,10992,4725,-1593,4351,200,481,D
-4688,-9924,10764,2426,-910,3948,250,481,D
-6792,-9860,10720,3150,-388,3927,300,481,D
-6336,-9284,10480,3757,-108,3880,350,481,D
-7188,-8868,11816,3352,693,3570,400,481,D
-7612,-8024,12132,3112,661,3641,450,481,D
-3100,-7552,14688,10948,591,1082,0,482,D
-3700,-6280,15572,16271,828,2109,50,482,D
-4476,-3036,13664,26675,4053,2375,100,482,D
-4508,1120,15548,28468,590,5856,150,482,D
-3472,3756,16916,23817,-1266,5889,200,482,D
-4264,7696,16884,15848,1411,3628,250,482,D
-4788,7796,16692,8067,2288,1845,300,482,D
-5228,7996,14748,2905,731,248,350,482,D
-4056,7516,12964,328,161,-223,400,482,D
-5292,7488,12920,-1260,1721,-912,450,482,D
-6084,-10608,7772,2355,2713,1094,0,483,D
-7176,-9724,8508,7018,746,2937,50,483,D
-6824,-8860,9648,9165,4264,2582,100,483,D
-8684,-7492,10192,9616,3599,3142,150,483,D
-9944,-6436,10692,9060,3855,2506,200,483,D
-10952,-4740,11688,12662,-106,2612,250,483,D
-10240,-4080,12732,10966,-131,2178,300,483,D
-19528,-1596,15604,4931,-8218,-2911,350,483,D
-10604,-4092,13980,1100,3424,-3745,400,483,D
-9896,-4556,11544,4456,1841,-2220,450,483,D
-5548,-6272,17268,4186,-1366,7638,0,484,L
-6512,-5176,19028,-2525,-7598,11600,50,484,L
-7328,-4872,18664,-7499,-11205,14826,100,484,L
-7168,-3988,16688,-11553,-8746,15821,150,484,L
-8636,-3180,13720,-14292,-5678,16216,200,484,L
-10236,-4420,11092,-16093,-4629,14095,250,484,L
-11608,-6528,9516,-14430,-2665,12639,300,484,L
-13176,-7644,7868,-11647,-2853,9545,350,484,L
-12524,-9048,6836,-8989,-3564,7094,400,484,L
-11936,-9636,6668,-5184,-1059,4786,450,484,L
-6496,-3348,15628,-1039,-8369,9966,0,485,L
-5472,-2720,15360,-2380,-8806,12675,50,485,L
-5572,-2804,14388,-5993,-6665,14611,100,485,L
-7072,-2820,14224,-7886,-5100,15456,150,485,L
-8376,-2816,13956,-7548,-3101,13867,200,485,L
-8856,-3400,13556,-8047,-1252,11877,250,485,L
-10400,-4272,12436,-8871,-23,9687,300,485,L
-10432,-5020,11580,-7585,-1593,8406,350,485,L
-10336,-5716,11620,-5747,-1218,6527,400,485,L
-10552,-6032,11284,-4256,-4189,5881,450,485,L
-7948,-3868,13740,-3453,-720,3933,0,486,L
-8372,-4084,13484,-4559,17,4124,50,486,L
-8700,-4168,13224,-5367,-656,5296,100,486,L
-8604,-4148,13184,-6058,-3063,7142,150,486,L
-8548,-4428,12984,-6575,-3803,8606,200,486,L
-9360,-4712,12224,-6094,-3641,8645,250,486,L
-9096,-4708,12504,-5684,-3142,7378,300,486,L
-9960,-4960,12232,-5322,-2288,6180,350,486,L
-9604,-5024,12268,-4882,-2437,5007,400,486,L
-9708,-5096,12220,-4307,-2023,3793,450,486,L
-5264,-2736,15480,-7525,-1439,5969,0,487,L
-4640,-3108,15432,-6527,-2960,7341,50,487,L
-4668,-3720,14684,-5588,-3571,7411,100,487,L
-4612,-3700,14852,-3972,-3913,8260,150,487,L
-4716,-3880,14732,-3391,-6462,9105,200,487,L
-4132,-3496,15100,-3358,-3382,8625,250,487,L
-5088,-4324,15136,-3784,-3036,7868,300,487,L
-4800,-4148,14960,-3726,-1576,7025,350,487,L
-4880,-4484,15144,-4133,-814,5772,400,487,L
-5400,-4864,14380,-4037,473,5049,450,487,L
-4724,-3564,15940,-1426,634,1620,0,488,L
-4876,-3720,15740,-2088,725,2146,50,488,L
-4892,-3720,15384,-3093,508,2570,100,488,L
-4564,-3724,14776,-2993,1076,2942,150,488,L
-5232,-3992,15096,-3747,1420,4222,200,488,L
-6044,-4296,14640,-4863,1106,4187,250,488,L
-6420,-4664,13932,-4852,391,3688,300,488,L
-6700,-5068,13812,-5362,-756,4657,350,488,L
-5796,-5236,13680,-5451,207,4370,400,488,L
-6832,-5448,13168,-5762,1994,5295,450,488,L
-5516,-6116,14632,-9602,-8497,12365,0,489,L
-9328,-6568,12032,-14638,-8367,13556,50,489,L
-11200,-7972,9552,-13751,-8224,11051,100,489,L
-12032,-8860,8516,-11278,-5935,6919,150,489,L
-10640,-9232,8524,-9098,-4015,3127,200,489,L
-9408,-9716,8912,-7315,-3287,720,250,489,L
-9688,-10220,8424,-9018,-2676,250,300,489,L
-9112,-10684,7252,-8464,-2775,724,350,489,L
-7708,-11872,6900,-9260,-2919,62,400,489,L
-8984,-11844,5920,-8764,-888,832,450,489,L
-6768,-7944,12376,-5883,-4604,7256,0,493,L
-7532,-7972,12164,-5899,-2904,6496,50,493,L
-7568,-8564,11816,-7274,-1976,5211,100,493,L
-7996,-8892,11184,-7547,-351,4322,150,493,L
-7640,-9352,10456,-9183,404,3724,200,493,L
-8708,-9800,9548,-8206,2561,2711,250,493,L
-9168,-10340,8888,-9137,1318,2067,300,493,L
-8984,-10924,7872,-7968,2544,1240,350,493,L
-9572,-11420,6956,-6970,2475,331,400,493,L
-9060,-11676,5740,-5572,2542,-117,450,493,L
-6464,-9392,11428,-4755,-685,5989,0,494,L
-6812,-9460,10468,-5837,670,7294,50,494,L
-8488,-9948,10576,-6314,-1464,6705,100,494,L
-8504,-9616,9108,-4575,-223,6154,150,494,L
-10172,-9448,9204,-6709,-711,4012,200,494,L
-10096,-9752,8760,-5878,-1149,3451,250,494,L
-10424,-9672,9152,-7674,-1950,2563,300,494,L
-10052,-10400,7580,-8019,-342,2263,350,494,L
-9904,-10448,6696,-9068,589,781,400,494,L
-9564,-18560,-6240,-8620,29837,-6807,450,494,L
-7568,-10680,8936,882,-434,221,0,495,L
-7632,-10536,9112,210,-447,860,50,495,L
-7256,-10196,10232,-1871,-2250,4227,100,495,L
-7212,-10232,9616,-4234,-1402,6139,150,495,L
-8888,-10000,8852,-4167,-2227,7448,200,495,L
-8984,-9824,8864,-5507,-765,5521,250,495,L
-10840,-9896,8076,-5464,364,5225,300,495,L
-10892,-9764,7672,-7190,151,3499,350,495,L
-11320,-9772,6704,-7854,725,2430,400,495,L
-11028,-10396,6004,-8594,572,971,450,495,L
-7680,-6100,14444,-1920,55,-2614,0,496,U
-7048,-6748,15224,-3781,-2879,-3024,50,496,U
-5696,-7080,15100,-5539,-2882,-2671,100,496,U
-5460,-7508,14808,-7642,-1564,-4041,150,496,U
-5000,-8316,13384,-11199,-2134,-4152,200,496,U
-4660,-8716,12404,-15458,60,-6676,250,496,U
-3972,-11044,11180,-16865,-684,-5440,300,496,U
-3288,-12320,8672,-13642,-55,-4707,350,496,U
-2804,-13108,7216,-13780,-241,-4175,400,496,U
-2248,-14352,5244,-13118,305,-3856,450,496,U
-6044,-4352,16220,-8236,-841,-3362,0,497,U
-5740,-5556,14936,-9327,-733,-4338,50,497,U
-5452,-6620,13824,-8783,-243,-4919,100,497,U
-5008,-8104,13860,-11033,-1849,-5291,150,497,U
-4048,-8852,13264,-10909,-1005,-5341,200,497,U
-3332,-10128,12104,-10868,-598,-4834,250,497,U
-2420,-10660,10976,-11221,-984,-4457,300,497,U
-2176,-11696,9588,-10144,-1558,-2981,350,497,U
-1996,-11928,8388,-9137,-1550,-1719,400,497,U
-1568,-12156,6536,-9518,-932,-981,450,497,U
-4956,-5240,15848,-2547,615,-890,0,498,U
-4476,-5844,16024,-6905,99,-980,50,498,U
-5128,-6508,15348,-9452,-601,-1862,100,498,U
-4620,-7488,13520,-11925,-149,-2620,150,498,U
-4396,-9148,12308,-12957,-60,-2657,200,498,U
-3812,-10328,10956,-13324,-289,-2667,250,498,U
-3996,-11648,10108,-15014,634,-3028,300,498,U
-3880,-12796,8604,-14443,15,-3029,350,498,U
-3240,-13468,5836,-13568,1815,-3371,400,498,U
-2944,-14288,4432,-12703,1149,-3551,450,498,U
-5196,-7940,13164,-163,-99,-123,0,499,U
-5228,-8020,12992,-169,-145,-146,50,499,U
-5224,-7944,13028,-15,-189,-77,100,499,U
-5144,-7896,13372,-45,-172,-63,150,499,U
-5108,-8004,13300,-153,-176,-25,200,499,U
-5244,-7928,13072,-62,-154,-24,250,499,U
-5264,-7928,13372,-70,-215,-44,300,499,U
-5204,-7876,13336,-135,-197,-101,350,499,U
-5180,-7900,13004,-120,-184,-94,400,499,U
-5272,-7916,13236,-21,-237,-63,450,499,U
-5720,-4028,16660,7282,-523,2944,0,500,U
-6740,-3336,18480,2043,-721,2093,50,500,U
-7368,-4072,18792,-3824,-1666,978,100,500,U
-5940,-4792,17428,-9028,-1240,-620,150,500,U
-6004,-5652,17144,-15001,-1756,-2584,200,500,U
-4468,-7104,16028,-19225,-2003,-2876,250,500,U
-3616,-8404,13088,-18127,-217,-3121,300,500,U
-3312,-10248,10008,-16960,-422,-2286,350,500,U
-3432,-11504,8088,-14649,99,-2294,400,500,U
-3288,-13644,6568,-13025,-1167,-1577,450,500,U