-12,-7304,16812,-100,-4918,4415,0,279,L
660,-7064,16552,-2731,-6118,7398,50,279,L
-1172,-7332,15632,-4758,-7251,9206,100,279,L
-1616,-7724,15072,-6192,-7891,10308,150,279,L
-1612,-8336,13388,-7941,-4200,10132,200,279,L
-2840,-8956,12828,-7331,-6113,10012,250,279,L
-3072,-9912,11108,-7897,-4394,10151,300,279,L
-5060,-10748,10640,-6891,-5245,8352,350,279,L
-5000,-11360,10276,-6040,-3163,6704,400,279,L
-6292,-11768,9820,-5223,-4306,4992,450,279,L


-8140,1424,16932,-1376,-3372,-1776,0,293,U
-7704,1036,17572,-5642,-4114,-1593,50,293,U
-7116,500,16304,-8947,-4628,-1487,100,293,U
-6660,-808,15792,-12221,-3641,-1837,150,293,U
-6352,-2296,14608,-12639,-4093,-2239,200,293,U
-5840,-3620,14688,-12448,-3671,-2423,250,293,U
-6032,-4936,13724,-13436,-3845,-2931,300,293,U
-4760,-6324,13768,-12509,-4199,-3298,350,293,U
-4372,-7868,12212,-14814,-3718,-3613,400,293,U
-3580,-8856,10416,-11936,-2733,-3451,450,293,U

-6880,-3296,14648,948,1689,-2444,0,301,R
-7240,-3364,14564,1155,2075,-5145,50,301,R
-7228,-3432,14528,1882,2306,-6406,100,301,R
-6824,-3324,15196,2431,3126,-9095,150,301,R
-6728,-3192,15648,1213,3213,-9152,200,301,R
-7292,-3204,14920,986,4194,-10114,250,301,R
-6460,-2912,14800,1745,3557,-12679,300,301,R
-7480,-2848,14564,1177,3918,-12418,350,301,R
-7168,-2608,14572,3229,2564,-15228,400,301,R
-6008,-3060,14832,3513,3600,-15732,450,301,R

1636,-9740,11292,16175,2826,1595,0,311,D
1224,-7412,12564,20289,1438,1891,50,311,D
-940,-5108,13984,21524,2722,1088,100,311,D
-1516,-2440,14776,22524,-381,1177,150,311,D
-1424,1268,17044,23188,-702,388,200,311,D
-1568,4424,18208,18499,-149,-3163,250,311,D
-1176,5492,17044,12833,-2015,-5566,300,311,D
-356,6080,16248,9504,-1564,-7076,350,311,D
116,8000,16080,8107,-917,-8587,400,311,D
524,8240,15524,6350,-1050,-8392,450,311,D
